000000000000000000000000000000000
000000000000000000000000000000000
000000000000000000000000000000000
000000000000000000000000000000000
000011111110001000100011111110000
000010000010001010000010000010000
000010111010100101011010111010000
000010111010001110111010111010000
000010111010110001100010111010000
000010000010110111101010000010000
000011111110101010101011111110000
000000000000000100110000000000000
000001001010111011100101101000000
000011000000100010011001101000000
000000011110111001111101001000000
000011101101101111010100001100000
000011000011001101000111011000000
000011001001100110111100100000000
000000001111101010010100000000000
000000111000101011100000011100000
000011101011000100111111101110000
000000000000110001101000100110000
000011111110001011101010111000000
000010000010000010101000101100000
000010111010100010001111101010000
000010111010010111111111001110000
000010111010011011111010001100000
000010000010110001010101101100000
000011111110001000110001111110000
000000000000000000000000000000000
000000000000000000000000000000000
000000000000000000000000000000000
000000000000000000000000000000000
